0,468
43,4
43,3
43,2
43,1
43,0
42,3
42,2
42,1
42,0
41,49
41,48
41,47
41,46
41,45
41,44
41,43
41,42
41,41
41,40
41,39
41,38
41,37
41,36
41,35
39,3
39,2
39,1
39,0
37,5
37,4
37,3
37,2
37,1
37,0
29,3
29,2
29,1
28,4
28,3
28,2
28,1
27,3
27,1
26,3
26,1
23,3
23,1
20,3
20,2
20,1
19,3
19,2
19,1
12,3
12,2
18,1
12,1
11,3
18,3
11,2
11,1
10,3
14,1
10,2
14,3
10,1
13,1
9,3
9,2
13,3
9,1
8,3
8,2
8,1
3,3
3,2
3,1
2,3
2,2
2,1
0,408
0,322
0,278
0,243
0,9
0,0
41,34
41,33
41,32
41,31
41,30
41,29
41,28
41,27
41,26
41,25
41,24
41,23
41,22
41,21
41,20
41,19
41,18
41,17
